7.158787762805362940e+08
8.469661039300210476e+08
9.780534315795059204e+08
1.109140759228990555e+09
1.240228086878475666e+09
1.371315414527960300e+09
1.502402742177444935e+09
1.633490069826930046e+09
1.764577397476414680e+09
1.895664725125899792e+09
2.026752052775384426e+09
2.157839380424869537e+09
2.288926708074354172e+09
2.420014035723838806e+09
2.551101363373323441e+09
2.682188691022808075e+09
2.813276018672293186e+09
2.944363346321778297e+09
3.075450673971262932e+09
3.206538001620747566e+09
3.337625329270232677e+09
3.468712656919717312e+09
3.599799984569202423e+09
3.730887312218687057e+09
3.861974639868171692e+09
3.993061967517656326e+09
4.124149295167141438e+09
4.255236622816626549e+09
4.386323950466111183e+09
4.517411278115595818e+09
4.648498605765080452e+09
4.779585933414565086e+09
4.910673261064049721e+09
5.041760588713534355e+09
5.172847916363019943e+09
5.303935244012505531e+09
5.435022571661990166e+09
5.566109899311474800e+09
5.697197226960959435e+09
5.828284554610444069e+09
5.959371882259928703e+09
6.090459209909413338e+09
6.221546537558897972e+09
6.352633865208382607e+09
6.483721192857867241e+09
6.614808520507352829e+09
6.745895848156838417e+09
6.876983175806323051e+09
7.008070503455807686e+09
7.139157831105292320e+09
7.270245158754776955e+09
7.401332486404261589e+09
7.532419814053746223e+09
7.663507141703230858e+09
7.794594469352715492e+09
7.925681797002200127e+09
8.056769124651685715e+09
8.187856452301171303e+09
8.318943779950655937e+09
8.450031107600140572e+09
8.581118435249625206e+09
8.712205762899108887e+09
8.843293090548595428e+09
8.974380418198078156e+09
9.105467745847564697e+09
9.236555073497047424e+09
9.367642401146533966e+09
9.498729728796016693e+09
9.629817056445503235e+09
9.760904384094987869e+09
9.891991711744472504e+09
1.002307903939395905e+10
1.015416636704344177e+10
1.028525369469292831e+10
1.041634102234241104e+10
1.054742834999189758e+10
1.067851567764138031e+10
1.080960300529086685e+10
1.094069033294034958e+10
1.107177766058983612e+10
1.120286498823932266e+10
1.133395231588880539e+10
1.146503964353829193e+10
1.159612697118777466e+10
1.172721429883726120e+10
1.185830162648674393e+10
1.198938895413623047e+10
1.212047628178571320e+10
1.225156360943519974e+10
1.238265093708468246e+10
1.251373826473416901e+10
1.264482559238365555e+10
1.277591292003313828e+10
1.290700024768262482e+10
1.303808757533210754e+10
1.316917490298159409e+10
1.330026223063107681e+10
1.343134955828056335e+10
1.356243688593004608e+10
1.369352421357953262e+10
