6.491855323199999809e+09
2.561935237000000000e+10
3.998955022900000000e+10
8.156718965899999619e+09
8.548473122600000381e+09
2.425329566100000000e+10
4.062651369000000000e+09
1.657713671300000000e+10
3.012750118800000000e+10
8.376234228600000381e+09
8.150768084500000000e+09
1.421412528900000000e+11
3.210773636900000000e+10
2.798752551500000000e+10
7.271969561600000381e+09
1.045845555800000000e+10
1.131301434700000000e+10
4.572246144899999619e+09
6.527709915199999809e+09
5.394621017600000381e+09
2.242243855400000095e+09
1.259287442099999905e+09
3.527171255599999905e+09
5.750926067000000000e+09
4.292236328000000000e+09
2.444104807300000191e+09
2.850379389099999905e+09
1.168414981799999952e+09
6.323073971100000381e+09
3.461936657900000095e+09
4.069430807199999809e+09
2.331503432000000000e+09
1.133761351799999952e+09
1.878920650700000048e+09
1.181111665700000048e+09
1.451461983799999952e+09
1.915393165500000000e+09
1.377507091900000095e+09
1.128721667400000095e+09
1.200568080500000000e+09
1.613811784200000048e+09
1.889100361500000000e+09
1.394077951200000048e+09
1.180250508299999952e+09
9.565414894000000000e+09
9.786647554600000381e+09
1.458002111500000000e+11
1.208689115300000000e+10
2.349761368300000191e+09
3.059512789000000000e+10
1.703713641000000000e+09
1.810578294000000000e+09
1.694748711800000000e+12
7.124350087000000000e+09
3.888628768800000191e+09
1.012439242300000000e+10
2.477421703000000000e+09
6.306167422200000000e+10
3.107907588699999809e+09
2.078401587200000000e+10
2.902512016900000000e+10
8.258013982399999619e+09
1.944703691800000000e+10
6.767234278400000000e+11
3.751562263599999905e+09
8.116033361600000381e+09
1.174090602099999905e+09
1.270667266599999905e+09
1.247998780700000048e+09
1.666464614900000095e+09
3.322712893800000191e+09
2.024002024200000048e+09
2.522918152000000000e+09
3.710309594000000000e+09
4.306954833600000381e+09
1.496911994599999905e+09
2.762187108900000000e+10
4.079294670200000000e+11
2.668672182100000000e+11
2.141358277300000000e+11
1.552065194500000000e+10
2.092641648700000000e+11
1.369105030500000000e+11
1.079790081400000000e+11
4.681053689000000000e+09
4.386761502800000191e+09
8.539276379000000000e+09
5.024962701400000000e+10
3.461438038100000000e+10
2.568157307900000000e+10
6.486647348000000000e+10
3.649126921300000000e+10
2.813779039500000000e+10
1.906762461000000000e+10
7.409561584399999619e+09
5.494845668300000191e+09
2.935762831200000000e+10
2.151223975000000000e+10
2.117231820700000000e+10
1.108304278800000000e+10
2.657809272600000000e+10
2.185930715700000000e+10
1.967152011400000000e+10
1.303232191800000000e+10
1.761582084400000000e+10
1.352631776100000000e+10
6.000115046600000381e+09
1.922018166400000000e+10
1.284519808700000000e+10
2.141363390299999952e+09
6.254887350600000381e+09
1.175751876500000000e+10
9.178861638200000763e+09
3.405052599699999809e+09
8.656680664799999237e+09
9.128327788899999619e+09
1.108397516799999952e+09
6.557893814800000191e+09
8.515976988100000381e+09
1.174888271200000000e+10
6.571545168800000191e+09
8.435082009500000000e+09
8.773895130500000000e+09
1.337868940400000095e+09
4.607266891800000191e+09
5.369576489800000191e+09
1.564468133200000048e+09
3.696601945900000095e+09
4.956491330100000381e+09
4.079376882900000095e+09
1.860775783400000095e+09
2.442037776300000191e+09
5.995324655300000191e+09
3.712548922900000095e+09
6.062789536399999619e+09
1.885159674299999952e+09
3.740662001400000095e+09
1.343741485099999905e+09
1.764408895400000095e+09
4.361745523800000191e+09
3.187333691300000191e+09
3.195072112699999809e+09
1.124481843599999905e+09
3.329743557199999809e+09
3.699694613199999809e+09
4.600278112600000381e+09
1.866427019700000048e+09
2.307218472699999809e+09
1.005186008200000048e+09
2.886722235099999905e+09
3.104881921800000191e+09
2.311337198099999905e+09
1.167172282900000095e+09
1.046286922399999976e+09
3.690299827400000095e+09
1.673516810200000048e+09
1.917967048299999952e+09
2.153980475500000000e+09
1.419024905200000048e+09
1.359507477599999905e+09
2.246640335699999809e+09
2.524699201699999809e+09
1.962479374900000095e+09
1.576030890799999952e+09
1.471720802200000048e+09
1.055921799200000048e+09
1.160158084900000095e+09
1.409638757700000048e+09
1.437351320200000048e+09
1.208874303700000048e+09
1.368262821299999952e+09
1.430417654400000095e+09
1.174774729000000000e+09
7.651385013899999619e+09
1.014962777800000000e+12
7.452145946899999619e+09
1.312390469300000000e+11
2.127393750200000000e+10
1.280679838700000000e+11
7.270421160600000000e+10
3.077123609600000000e+10
8.972571341500000000e+09
2.873882557000000000e+10
1.650604456900000000e+11
4.607009390400000000e+10
5.089695888200000000e+10
3.066885644800000000e+10
3.760678981100000000e+10
3.187212319200000000e+10
1.801560131500000000e+10
8.580479421899999619e+09
1.567013252500000000e+10
2.276905056700000000e+10
1.668567927800000000e+10
7.556344226399999619e+09
1.651144406000000000e+10
1.144556695400000000e+10
1.531487708600000000e+10
1.536605106500000000e+10
2.457348268800000191e+09
1.668265885600000000e+10
1.429111812600000000e+10
1.382338313100000000e+10
1.753536006299999952e+09
4.096691196699999809e+09
4.044438429099999905e+09
9.916141153200000763e+09
1.412074270100000000e+10
6.553317326800000191e+09
8.687968246399999619e+09
3.514414724000000000e+09
3.054500719500000000e+09
8.156719246500000000e+09
1.134661129700000000e+10
1.183148451700000000e+10
3.901562362500000000e+09
3.566806580500000000e+09
6.147513248500000000e+09
9.218609355700000763e+09
5.894997498899999619e+09
8.184869545699999809e+09
4.107656807199999809e+09
5.954681032600000381e+09
5.350831009399999619e+09
1.127115868099999905e+09
3.913455497900000095e+09
1.642902024200000048e+09
5.878106472000000000e+09
4.014717847300000191e+09
3.940359778699999809e+09
3.567569219099999905e+09
4.832718313100000381e+09
3.248402330800000191e+09
3.960665344599999905e+09
3.082403738000000000e+09
3.889834706800000191e+09
1.662876951700000048e+09
3.214446411199999809e+09
2.220802135099999905e+09
2.317085500800000191e+09
3.841806529099999905e+09
4.016645367900000095e+09
4.918621739500000000e+09
2.680492111400000095e+09
1.902906053200000048e+09
1.308710658299999952e+09
2.200350528800000191e+09
2.663303715099999905e+09
2.535295584500000000e+09
1.068071075200000048e+09
1.161011745599999905e+09
1.037363782600000024e+09
1.700724739700000048e+09
4.127406893099999905e+09
1.720091933299999952e+09
1.389723752900000095e+09
1.011407880000000000e+09
1.127334596900000095e+09
2.177888760800000000e+10
1.802273428700000048e+09
3.105333455599999905e+09
5.476814919100000381e+09
2.909370357300000000e+10
6.171655977500000000e+11
1.070162620000000000e+09
1.517509595000000000e+10
1.572846395400000095e+09
3.203286616199999809e+09
1.355427464400000095e+09
4.330844744500000000e+11
1.689645563000000000e+09
4.862371219899999619e+09
1.727661415100000000e+11
5.562095202500000000e+10
4.111080612500000000e+09
3.722399518300000191e+09
7.846045337500000000e+09
3.884188271700000000e+10
5.952646871000000000e+09
2.693647006100000000e+10
8.532707064100000381e+09
7.661013469500000000e+09
4.846677191200000000e+10
9.869102814399999619e+09
9.915341448200000763e+09
2.719765331000000000e+10
1.775035329800000000e+10
3.498590104900000095e+09
2.103237954200000000e+10
4.538425991199999809e+09
3.691721524900000095e+09
3.738538783800000191e+09
1.769276016800000000e+10
4.586023900699999809e+09
1.098448182100000000e+10
7.053146460000000000e+09
5.157598450699999809e+09
1.640078944799999952e+09
8.883089408100000381e+09
2.338068990400000000e+10
7.925586241199999809e+09
1.337416764500000000e+10
1.706619729000000000e+10
1.613203523800000000e+10
1.080893608100000000e+10
1.646690070099999905e+09
6.709723730300000191e+09
9.172779849899999619e+09
1.449443596000000000e+10
1.208416066700000000e+10
1.316961849800000000e+10
1.174901544200000000e+10
9.585381286500000000e+09
6.775635327899999619e+09
8.328539759399999619e+09
8.379357125699999809e+09
8.154618143399999619e+09
7.038691329500000000e+09
5.540522656100000381e+09
5.317527375899999619e+09
6.162056531699999809e+09
6.162056531699999809e+09
5.906302967199999809e+09
1.033154209400000000e+10
1.054867689600000000e+10
7.102130161500000000e+09
4.841731071600000381e+09
6.550180548300000191e+09
2.966597928800000191e+09
3.605001826900000095e+09
2.534112180500000000e+09
3.085544608000000000e+09
7.154219205800000191e+09
4.461145158300000191e+09
2.481795305800000191e+09
1.002704259399999976e+09
5.154032404699999809e+09
7.331670437199999809e+09
4.170787693500000000e+09
1.219703864500000000e+09
3.153311233000000000e+09
7.154257604800000191e+09
4.024694980800000191e+09
1.870216619700000048e+09
4.461828991500000000e+09
4.628103930899999619e+09
3.020390851000000000e+09
2.218958673400000095e+09
3.803340934400000095e+09
3.511533530800000191e+09
1.110914962200000048e+09
1.110914962200000048e+09
3.664114845400000095e+09
1.187497325299999952e+09
2.898466967900000095e+09
1.509481710900000095e+09
3.101945968099999905e+09
2.697960313599999905e+09
1.820765338099999905e+09
2.059375439500000000e+09
2.689174882800000191e+09
2.013310931500000000e+09
3.387791720199999809e+09
1.191079889299999952e+09
3.269698989599999905e+09
1.654933527599999905e+09
2.065887375799999952e+09
1.747019317799999952e+09
1.291884711000000000e+09
2.113675124400000095e+09
1.292567593700000048e+09
1.228667943400000095e+09
2.249450098900000095e+09
2.822786705300000191e+09
1.295010269000000000e+09
1.118148267599999905e+09
1.337989938099999905e+09
9.721399638000000000e+10
8.459185841800000000e+10
2.440635941900000095e+09
1.948291495000000000e+11
1.705774134200000000e+10
2.609493054600000000e+11
5.622707661700000000e+10
1.659553224200000000e+11
1.605039750200000000e+11
3.497279172599999905e+09
6.169996978199999809e+09
6.047282132300000000e+10
3.177402202100000000e+10
2.724921274000000000e+10
5.668640317800000000e+10
5.336310392300000000e+10
2.374045410099999905e+09
5.093314118899999619e+09
6.349239534500000000e+09
4.920352513699999809e+09
1.014666330500000000e+09
6.108859087000000000e+09
6.091790973600000381e+09
2.101886677600000000e+10
4.008187742500000000e+10
8.214734650300000000e+10
4.773855732500000000e+10
2.442273538400000000e+10
4.973399855600000381e+09
7.483837383700000000e+10
3.143212691599999905e+09
2.235629343200000000e+10
1.190222390400000095e+09
1.004146446300000000e+10
9.311045219500000000e+09
4.172376019600000000e+10
1.143455487200000048e+09
5.683623989199999809e+09
6.340885515699999809e+09
1.460262594700000000e+10
2.854653831000000000e+10
3.341636073800000000e+10
2.121879360900000000e+10
3.795287538199999809e+09
1.027394914600000024e+09
1.162932202600000000e+10
1.651922157000000000e+09
1.826949582400000000e+10
1.882434647599999905e+09
1.519741992400000000e+10
1.770163768900000000e+10
1.185981565500000000e+10
1.793323834900000095e+09
7.296351325300000191e+09
1.266216738900000000e+10
1.177668002200000000e+10
1.510218799700000000e+10
1.665022761799999952e+09
1.092332139200000048e+09
4.735816594500000000e+09
2.525638262400000095e+09
2.525638262400000095e+09
1.041825118799999952e+09
5.492783222800000191e+09
1.020664198399999976e+09
8.181900682399999619e+09
1.184489483700000048e+09
1.278524897500000000e+10
1.010195283800000000e+10
7.766978893300000191e+09
1.494226687300000000e+10
1.998444644400000095e+09
2.032250827200000048e+09
8.961792290700000763e+09
9.816976761899999619e+09
1.051651226400000000e+10
1.229094349500000000e+10
3.125245461300000191e+09
1.737997585900000095e+09
6.779550528699999809e+09
2.937630109599999905e+09
1.021151787299999952e+09
1.276987345299999952e+09
1.622552567299999952e+09
3.550926992500000000e+09
7.885836725500000000e+09
4.416339114699999809e+09
4.936288067199999809e+09
4.279957100199999809e+09
2.351861123800000191e+09
1.821873226900000095e+09
5.553438646300000191e+09
3.123037511599999905e+09
3.640052444300000191e+09
2.277383201699999809e+09
2.148777138900000095e+09
3.925485270900000095e+09
2.014577890599999905e+09
1.751538155700000048e+09
1.117752086000000000e+09
2.244201603099999905e+09
1.667504802299999952e+09
3.036256259699999809e+09
1.632620303099999905e+09
1.580431406900000095e+09
1.100496658500000000e+09
4.183082134500000000e+09
1.827726659799999952e+09
1.672376849500000000e+09
2.078078904299999952e+09
2.263167851699999809e+09
2.524404926400000095e+09
2.437070502699999809e+09
1.281494264799999952e+09
5.069562290899999619e+09
1.463736610000000000e+09
9.225695247500000000e+09
1.483751020099999905e+09
1.452612789700000000e+12
1.694824599100000000e+12
1.223506441600000000e+10
1.199570902600000000e+10
1.053652948299999952e+09
1.616159741400000000e+11
9.860973374200000763e+09
2.271431938500000000e+10
1.435531986000000000e+09
2.447104412800000000e+11
5.582477430400000000e+10
8.411721629600000381e+09
2.382671847600000000e+11
6.935010853100000000e+10
4.387427195200000000e+10
3.710047694000000000e+10
2.454474202200000000e+10
4.497902317200000000e+10
1.132818321299999952e+09
1.725361322400000000e+10
2.593780737600000000e+10
6.332335457500000000e+09
1.691591546200000048e+09
1.413035390400000000e+10
1.045247565900000000e+10
9.557907710899999619e+09
1.151237666800000000e+10
4.600781329100000381e+09
1.006673820600000000e+10
1.562489822300000000e+10
8.932224662200000763e+09
6.929981731699999809e+09
1.231341858000000000e+10
6.463787725000000000e+09
5.823484173000000000e+09
2.763804037599999905e+09
4.437865893500000000e+09
3.101338283099999905e+09
4.371436762800000191e+09
6.096872624399999619e+09
3.416617465599999905e+09
2.245017253699999809e+09
3.590532889000000000e+09
2.534453249800000191e+09
2.325889088400000095e+09
2.744224091500000000e+09
4.905528214000000000e+09
1.920468061599999905e+09
1.597562824299999952e+09
1.278290652099999905e+09
1.030510250700000048e+09
2.537003253699999809e+09
4.897339204300000191e+09
5.030373903300000191e+09
1.366392339299999952e+09
1.178060037200000048e+09
1.659081162599999905e+09
2.770205016599999905e+09
1.629171647700000048e+09
1.051958813899999976e+09
1.050881328399999976e+09
1.529754769500000000e+09
1.464709207000000000e+09
1.705709133000000000e+09
1.639372513900000095e+09
4.855921723899999619e+09
1.319626717500000000e+11
9.834042526500000000e+09
5.268689613300000191e+09
1.166887836800000000e+11
4.766253790800000191e+09
2.512928217400000000e+10
1.855133768900000000e+10
1.242698093200000000e+11
1.216535055300000000e+11
1.431141826799999952e+09
8.372794094700000000e+10
1.107413608799999952e+09
1.242323342000000000e+09
6.822798222700000000e+10
7.023326227200000000e+10
4.899158699800000000e+10
3.984851709900000000e+10
3.699899692500000000e+10
1.640274427000000000e+10
3.879659372800000191e+09
7.856304907199999809e+09
1.105528998700000000e+10
7.683724116600000381e+09
1.581972754800000000e+10
5.222152241399999619e+09
2.017124596100000000e+10
2.048890677200000000e+10
7.617874504300000191e+09
1.816436814200000000e+10
2.177115666800000191e+09
7.010855623000000000e+09
1.804694736500000000e+09
3.618946560699999809e+09
4.431156670800000191e+09
1.169271426300000000e+10
1.137001313700000000e+10
7.371311546899999619e+09
7.397645700600000381e+09
7.047132394899999619e+09
3.101004680099999905e+09
1.453905930500000000e+09
8.935959270799999237e+09
7.031480545600000381e+09
6.639821259899999619e+09
4.935119410199999809e+09
4.475903105000000000e+09
1.272663016200000048e+09
3.606234691500000000e+09
3.338267182199999809e+09
2.836157156599999905e+09
5.565478238300000191e+09
3.586343169800000191e+09
2.572633422699999809e+09
2.981988733300000191e+09
1.528498690500000000e+09
1.813070726400000095e+09
2.237334925400000095e+09
1.104517047400000095e+09
1.692104929299999952e+09
2.047639513400000095e+09
3.358102382000000000e+09
1.753749892000000000e+09
1.847874691900000095e+09
1.495794535900000095e+09
2.089544166099999905e+09
1.292952194400000095e+09
4.042735505099999905e+09
1.077374497400000095e+09
1.090513607900000095e+09
2.133931726299999952e+09
1.919109779599999905e+09
1.622406276299999952e+09
1.054527211600000024e+09
1.498959389900000095e+09
1.016273657700000048e+09
1.318350324799999952e+09
1.920511555400000095e+09
1.132418507900000095e+09
1.866928558700000048e+09
2.105015217099999905e+09
2.630527777800000191e+09
1.473062936099999905e+09
4.117940004600000000e+11
2.745449461800000000e+11
2.849933870600000000e+10
2.638347286500000000e+09
2.345568340400000095e+09
3.003684740600000000e+11
2.097977108900000095e+09
1.279242056400000095e+09
4.085027798300000191e+09
6.566848415600000000e+10
9.153180143800000000e+10
1.264384928900000000e+10
1.295254230700000000e+11
2.799186092400000095e+09
7.222559772700000000e+10
3.063524062099999905e+09
3.956234480400000000e+10
3.247199529599999905e+09
6.261002498000000000e+09
2.589622148400000095e+09
8.020945689000000000e+10
2.233246626800000191e+09
5.773366010800000191e+09
6.885876020100000000e+10
2.888022080800000000e+10
1.211654955200000048e+09
4.678584018800000000e+10
1.373622824400000095e+09
5.425104071100000000e+10
2.085390105000000000e+10
1.210583508799999952e+09
5.167888816100000381e+09
2.304688522500000000e+09
4.448856775100000000e+10
3.057974489700000000e+10
2.981901929000000000e+10
1.574278530500000000e+10
1.881122745700000048e+09
2.603939595300000000e+10
1.368108475800000000e+10
1.431985901400000000e+10
1.403309785800000000e+10
1.563932175500000000e+10
1.298041492600000000e+10
1.501107949900000000e+10
1.384120235200000000e+10
1.003527150200000048e+09
7.054965497399999619e+09
9.597425483600000381e+09
1.153776553800000000e+10
9.000348220899999619e+09
1.033639213500000000e+10
1.799479743100000000e+10
1.178358465900000000e+10
7.822750837199999809e+09
1.870244056599999905e+09
5.666096269600000381e+09
4.740339084899999619e+09
5.214596671399999619e+09
5.145340195100000381e+09
9.218787106200000763e+09
4.672599202300000191e+09
5.109748770100000381e+09
3.841836995699999809e+09
2.443487766699999809e+09
5.339544660399999619e+09
2.290078207800000191e+09
2.933887735500000000e+09
6.147160729399999619e+09
5.080756057899999619e+09
4.705571072000000000e+09
2.285232982199999809e+09
1.607497926400000095e+09
1.251163990799999952e+09
1.728905017599999905e+09
2.899408709800000191e+09
1.264530312200000048e+09
2.742120479699999809e+09
1.588248724000000000e+09
1.862515960500000000e+09
1.210828688000000000e+09
1.043597430399999976e+09
1.219803733400000095e+09
1.095958974299999952e+09
